 Ra= 0.5 ;
 L=5e-3;
 
 Ke= 0.08;


Kt=0.08;
 J= 0.01;
 B= 0.001;
 Tl= 0.3;